Task 1 sed:
Results for Task 1.1:
2206417   6619251 272950834

Results for Task 1.2:
vendorid,tpep_pickup_datetime,tpep_dropoff_datetime,passenger_count,trip_distance,ratecodeid,store_and_fwd_flag,pulocationid,dolocationid,payment_type,fare_amount,extra,mta_tax,tip_amount,tolls_amount,improvement_surcharge,total_amount,congestion_surcharge
1.0,20190101 004640.000000,20190101 005320.000000,1.0,1.5,1.0,N,151.0,239.0,1.0,7.0,0.5,0.5,1.65,0.0,0.3,9.95,
1.0,20190101 005947.000000,20190101 011859.000000,1.0,2.6,1.0,N,239.0,246.0,1.0,14.0,0.5,0.5,1.0,0.0,0.3,16.3,
2.0,20181221 134830.000000,20181221 135240.000000,3.0,0.0,1.0,N,236.0,236.0,1.0,4.5,0.5,0.5,0.0,0.0,0.3,5.8,
2.0,20181128 155225.000000,20181128 155545.000000,5.0,0.0,1.0,N,193.0,193.0,2.0,3.5,0.5,0.5,0.0,0.0,0.3,7.55,
2.0,20181128 155657.000000,20181128 155833.000000,5.0,0.0,2.0,N,193.0,193.0,2.0,52.0,0.0,0.5,0.0,0.0,0.3,55.55,
2.0,20181128 162549.000000,20181128 162826.000000,5.0,0.0,1.0,N,193.0,193.0,2.0,3.5,0.5,0.5,0.0,5.76,0.3,13.31,
2.0,20181128 162937.000000,20181128 163343.000000,5.0,0.0,2.0,N,193.0,193.0,2.0,52.0,0.0,0.5,0.0,0.0,0.3,55.55,
1.0,20190101 002128.000000,20190101 002837.000000,1.0,1.3,1.0,N,163.0,229.0,1.0,6.5,0.5,0.5,1.25,0.0,0.3,9.05,
1.0,20190101 003201.000000,20190101 004539.000000,1.0,3.7,1.0,N,229.0,7.0,1.0,13.5,0.5,0.5,3.7,0.0,0.3,18.5,

Results for Task 1.3:
vendorid,tpep_pickup_datetime,tpep_dropoff_datetime,passenger_count,trip_distance,ratecodeid,store_and_fwd_flag,pulocationid,dolocationid,payment_type,fare_amount,extra,mta_tax,tip_amount,tolls_amount,improvement_surcharge,total_amount,congestion_surcharge
1,20190101 004640,20190101 005320,1,1,1,N,151,239,1,7,0,0,1,0,0,9,
1,20190101 005947,20190101 011859,1,2,1,N,239,246,1,14,0,0,1,0,0,16,
2,20181221 134830,20181221 135240,3,0,1,N,236,236,1,4,0,0,0,0,0,5,
2,20181128 155225,20181128 155545,5,0,1,N,193,193,2,3,0,0,0,0,0,7,
2,20181128 155657,20181128 155833,5,0,2,N,193,193,2,52,0,0,0,0,0,55,
2,20181128 162549,20181128 162826,5,0,1,N,193,193,2,3,0,0,0,5,0,13,
2,20181128 162937,20181128 163343,5,0,2,N,193,193,2,52,0,0,0,0,0,55,
1,20190101 002128,20190101 002837,1,1,1,N,163,229,1,6,0,0,1,0,0,9,
1,20190101 003201,20190101 004539,1,3,1,N,229,7,1,13,0,0,3,0,0,18,

Task 2 awk:
9.34 2
22.5 7
9.75 189
5.34 624
1.75 23767
1.34 57
5.75 842
22.6 2
1.35 101
9.35 244
9.76 360
5.35 786
1.76 43173
5.76 1116
22.7 5
5.77 19
9.77 56
1.36 292
9.36 215
5.36 1516
1.77 3399
9.78 1
22.8 5
9.37 7
5.37 25
1.78 512
1.37 28
5.78 71
9.79 1
9.38 2
5.38 3
22.9 5
1.79 34
1.38 960
5.79 453
5.39 8
1.39 31
9.39 336
20.71 1
20.31 2
20.72 2
60.16 1
20.32 10
20.74 1
20.34 4
20.75 6
20.35 3
20.76 2
20.36 6
20.78 1
56.74 1
38.82 1
16.91 3
38.01 1
20.79 2
16.92 1
16.51 3
16.11 3
16.52 4
38.86 1
16.53 1
16.12 1
16.94 2
16.13 1
16.95 22
38.06 2
16.14 10
16.96 26
16.55 17
38.89 1
16.97 1
16.15 24
16.56 35
16.16 57
16.99 1
72.0 4
32.0 7
16.17 2
16.58 13
32.1 1
16.18 3
16.59 9
6.71 971
16.19 1
6.72 15
6.31 848
6.73 3
6.32 376
6.74 7
6.33 36
6.34 21
6.75 332
6.76 738
6.35 556
6.77 14
32.7 1
6.36 765
32.8 1
6.78 1
6.37 6
6.79 9
6.38 34
6.39 369
21.71 4
21.72 1
21.31 4
21.32 3
21.75 4
21.35 5
21.77 1
21.37 2
21.39 3
19.0 15
19.1 3
39.86 3
19.2 9
1.0 85412
19.3 5
1.1 704
19.4 5
1.2 11643
19.5 3
1.3 812
1.4 5884
82.0 2
19.7 10
42.0 5
1.5 30581
19.8 5
1.6 701
42.2 1
19.9 5
1.7 12776
1.8 1858
1.9 309
48.21 1
66.14 1
22.71 1
80.88 1
26.31 1
22.31 1
88.48 1
22.32 3
80.08 2
26.73 1
26.32 1
22.74 2
26.34 2
44.26 1
22.75 2
26.75 2
26.76 2
22.76 3
26.36 1
22.36 5
22.78 1
26.79 2
22.39 2
29.0 5
123.0 1
29.1 1
29.2 1
29.5 1
29.6 2
29.7 2
92.0 1
52.0 2
52.7 1
202.0 1
41.21 1
27.71 1
23.71 2
63.56 1
27.31 2
23.31 2
23.73 1
45.24 1
23.32 3
45.25 1
27.33 1
67.59 1
27.75 2
23.34 2
23.75 3
27.76 1
23.35 2
27.35 1
45.68 1
23.76 4
45.28 1
27.77 1
23.36 3
23.79 1
23.39 1
27.39 1
39.0 3
39.2 1
39.3 1
39.5 1
39.6 1
62.0 3
212.0 1
42.62 1
68.54 1
28.71 2
24.31 5
42.65 1
24.32 2
28.32 2
28.74 3
212.5 1
42.26 1
8.0 4280
24.35 3
24.76 4
28.76 2
8.1 441
24.77 2
24.36 1
8.2 556
8.3 458
8.4 357
24.39 1
8.5 523
8.6 414
8.7 431
8.8 342
8.9 259
51.81 1
51.45 1
14.0 135
14.1 18
14.2 34
14.3 82
14.4 14
47.21 1
14.5 11
25.71 1
14.6 1311
29.72 1
25.31 3
29.31 2
47.64 1
14.7 53
14.8 19
14.9 10
25.74 4
29.34 1
29.75 1
25.75 2
25.76 1
47.27 1
25.77 1
25.36 2
29.36 1
25.78 1
29.79 1
59.0 3
70.72 1
30.91 2
30.51 1
30.11 2
34.11 2
30.52 2
24.0 8
12.61 3380
24.1 2
30.95 1
12.21 27
12.62 50
34.14 1
30.96 1
24.2 4
30.55 3
12.22 6
30.15 1
12.64 49
30.56 4
24.4 2
30.16 9
12.65 71
12.24 27
30.99 1
24.5 1
34.58 1
12.66 86
12.25 49
12.67 4
12.26 132
24.7 1
12.27 3
2.81 17
24.8 3
12.69 18
12.29 1
24.9 1
2.41 7
2.82 5879
2.01 106
2.42 14
2.83 579
2.43 173
2.84 114
2.02 104
2.44 687
2.85 7727
2.03 582
2.04 9
2.86 15347
2.45 27069
2.87 1
2.46 23844
2.05 23278
2.47 10
2.88 168
2.06 35855
2.89 9
2.48 271
2.07 2168
2.49 4288
2.08 10817
2.09 55
31.91 1
35.92 1
17.61 1
34.0 2
13.61 14
34.1 1
35.13 1
17.21 5
13.21 12
35.96 1
34.2 2
31.55 1
31.96 1
53.06 1
31.14 1
17.22 3
13.22 28
35.55 1
13.63 1
13.23 1
35.56 1
31.56 1
13.64 17
17.64 5
31.98 1
13.24 2
35.16 2
17.24 4
17.65 14
13.65 33
17.66 17
17.25 7
13.25 33
13.66 42
17.26 22
17.67 1
13.67 28
13.26 54
17.27 2
74.7 1
17.68 2
34.7 2
13.28 1
34.8 1
17.28 2
3.81 91
7.81 956
34.9 1
13.29 21
3.41 64
7.41 1125
7.82 187
3.82 2174
7.42 2
3.01 38
7.83 23
7.01 1067
3.83 279
3.42 343
3.43 30
7.43 15
7.02 43
7.84 14
3.84 1755
3.02 101
3.44 32
7.03 47
3.03 60
7.85 312
3.85 2757
7.44 266
7.45 543
3.86 5671
3.45 9366
3.04 305
7.86 370
7.87 4
7.46 388
7.05 370
3.87 196
3.46 8124
3.05 10581
7.88 13
3.47 58
7.47 9
3.88 65
3.06 12164
7.06 555
3.89 6
7.48 3
3.07 13
3.48 19
7.89 288
7.07 20
7.49 15
3.49 7
3.08 4761
7.08 279
7.09 11
3.09 3151
115.0 1
3.0 26542
58.41 1
3.1 34
50.41 1
36.91 1
32.91 1
3.2 9729
58.84 1
36.51 1
3.3 2186
54.03 1
36.11 1
3.4 91
18.61 1
44.0 4
14.61 6
10.61 85
3.5 3993
58.46 1
18.62 1
115.7 1
36.95 1
18.21 2
50.05 2
14.62 1
14.21 19
10.62 10
10.21 148
3.6 73
36.54 1
36.14 1
32.55 1
44.2 1
36.96 1
14.63 1
50.06 1
14.22 1
32.96 1
10.22 77
3.7 5083
36.15 2
32.56 2
18.64 3
10.64 161
14.64 3267
3.8 2604
44.4 1
10.24 3
50.08 1
36.16 2
32.16 5
18.65 11
18.24 9
3.9 48
14.65 31
10.65 123
44.5 1
54.09 1
10.66 118
18.25 12
14.66 31
18.66 19
10.25 180
14.25 26
18.67 1
18.26 19
14.26 51
10.26 311
10.67 98
10.27 5
18.68 4
14.68 1
18.27 1
14.27 13
18.69 2
14.28 2
10.28 1
44.8 1
10.69 2
0.81 12
18.28 1
4.81 147
8.81 420
14.29 1
0.41 4
4.41 84
10.29 59
8.82 136
8.41 659
0.82 90
4.82 1063
0.42 2
4.42 2
400.0 1
8.42 10
8.83 7
0.83 33
8.01 791
0.01 881
4.83 111
4.01 127
8.84 4
8.43 1
4.43 36
8.02 187
0.43 2
4.02 153
4.84 34
0.02 333
0.84 47
8.03 3
0.44 8
0.85 40
4.03 12
8.44 56
8.85 251
0.03 156
4.85 1724
4.44 1223
4.04 5
0.45 11
8.86 301
8.04 130
0.04 69
8.45 348
0.86 59
4.86 2481
4.45 3801
0.46 5
4.87 9
0.87 18
8.05 257
0.05 196
4.46 3421
4.05 3434
8.87 28
8.46 272
8.47 5
0.47 2
8.88 50
0.88 105
4.47 84
4.88 111
8.06 336
0.06 33
4.06 4754
4.07 4
0.48 2
8.07 18
8.48 9
8.89 267
4.48 14
0.89 44
0.07 29
4.89 759
4.49 1
0.49 224
8.49 92
0.08 261
8.08 223
4.08 1952
4.09 5
8.09 8
0.09 35
55.82 1
37.91 1
55.85 2
19.61 1
54.0 3
15.61 8
11.61 38
33.95 1
55.46 1
19.21 7
15.21 11
15.62 6
55.05 1
11.62 2
11.21 44
33.14 1
55.06 1
37.14 4
59.06 1
19.22 3
37.55 2
15.22 1
11.22 4
33.97 1
11.23 3
15.64 4
19.23 2
19.64 3
11.64 111
37.15 1
33.98 1
37.16 1
19.24 1
19.65 9
11.65 58
15.65 23
33.16 3
15.24 16
19.66 4
15.25 19
19.25 6
11.25 116
15.66 35
11.66 94
37.59 1
19.67 2
19.26 17
11.67 75
15.26 34
11.26 182
19.27 1
15.27 1
11.68 1
11.27 82
11.69 3
19.28 1
15.69 11
1.81 34
9.81 187
5.81 275
15.29 1
19.29 3
1.41 73
5.41 203
1.82 26
9.41 269
9.82 100
5.82 633
5.42 1
9.42 1
5.83 48
5.01 97
1.42 136
1.01 43
9.01 372
1.83 404
9.43 2
5.43 3
5.02 19
9.02 280
1.43 873
1.02 78
1.84 1905
9.84 69
9.03 1
9.44 25
9.85 156
1.44 75
5.03 78
5.44 112
1.03 2062
5.85 559
1.85 22230
9.04 1
1.45 88
1.04 24
9.45 198
5.86 1633
5.45 2181
5.04 722
1.86 41198
9.86 129
1.87 2
5.87 6
9.87 3
1.05 36
1.46 133
9.46 346
9.05 216
5.46 1409
5.05 1501
9.88 3
5.47 5
9.47 43
1.06 42
5.88 45
1.88 568
1.47 4969
9.06 264
5.06 2018
9.07 10
9.48 3
5.89 23
5.48 85
9.89 243
1.89 31
1.07 23
5.07 48
1.48 926
9.49 1
1.49 54
9.08 108
1.08 2459
5.49 572
5.08 1175
82.16 1
20.81 1
60.24 1
1.09 37
9.09 91
5.09 15
20.41 2
20.82 5
20.42 1
20.01 3
20.02 2
20.86 1
20.45 13
20.04 3
20.46 5
20.05 14
20.47 2
20.06 19
20.48 1
20.49 1
20.08 9
16.61 5
56.05 1
20.09 1
16.62 3
16.21 6
38.55 1
16.22 7
16.64 6
38.16 2
16.24 4
16.65 34
16.66 31
16.25 21
16.67 5
16.26 39
16.27 2
16.68 2
6.81 971
16.29 4
6.82 273
6.41 842
6.42 13
6.83 43
6.01 505
6.43 1
6.02 33
6.84 259
6.03 1
6.44 128
6.85 326
6.04 23
6.86 634
6.45 958
6.87 15
6.05 905
6.46 799
6.47 4
6.88 13
83.13 1
6.06 937
6.07 4
6.48 4
6.89 46
6.49 19
6.08 637
21.81 4
6.09 393
21.82 5
21.42 1
21.01 1
21.84 3
43.76 1
145.0 1
105.0 1
21.02 5
21.44 1
21.85 2
21.86 1
21.45 9
21.05 4
21.46 2
21.06 7
21.47 1
39.51 1
21.08 4
21.09 5
39.56 1
16.0 59
16.1 5
16.2 17
16.3 12
16.4 8
16.5 4
16.6 8
16.7 17
16.8 8
16.9 8
40.31 1
22.81 1
48.32 1
40.32 2
26.81 2
40.74 2
22.82 4
22.42 1
26.01 1
26.02 1
22.02 1
26.85 1
40.36 1
22.85 5
22.44 2
26.86 1
22.45 1
26.45 4
44.79 1
22.46 7
22.05 6
22.88 2
26.06 3
22.06 4
22.89 2
22.48 2
26.07 1
26.08 1
26.49 3
22.08 5
26.0 10
120.0 3
26.2 2
26.3 1
26.6 1
26.7 1
26.8 2
49.31 1
27.81 2
23.81 3
23.82 2
27.41 3
23.41 4
23.01 1
23.42 1
45.75 1
27.01 2
41.76 2
27.84 3
27.85 2
23.85 1
23.03 1
23.04 3
23.45 5
27.45 1
27.86 2
23.46 2
27.46 2
23.05 5
27.05 1
23.06 2
27.06 3
27.48 1
27.89 1
23.07 1
23.08 4
27.09 1
36.0 3
36.1 2
36.2 1
36.9 1
42.31 1
28.81 1
24.81 3
28.42 1
24.01 2
24.84 3
42.35 1
24.02 1
28.02 2
46.76 2
46.77 1
28.85 1
24.85 2
24.45 1
28.45 1
28.86 2
24.46 1
28.05 3
24.05 5
28.46 5
28.06 4
24.06 5
24.88 1
24.89 1
24.49 1
5.0 21364
24.09 1
5.1 59
5.2 1718
5.3 821
5.4 84
46.0 1
5.5 683
140.0 2
100.0 10
5.6 407
5.7 1254
5.8 633
5.9 430
46.7 1
11.0 538
29.81 1
11.1 116
25.82 2
29.82 1
25.41 1
11.2 93
222.22 1
29.01 1
11.3 65
25.02 1
29.02 2
11.4 62
25.85 1
25.44 2
11.5 70
29.04 1
11.6 62
25.46 1
25.05 4
29.46 2
11.7 6495
25.06 5
11.8 49
29.06 2
25.89 2
29.89 1
11.9 58
29.08 1
25.08 1
56.0 2
163.33 1
150.0 4
110.0 3
56.2 1
30.61 1
30.62 1
34.21 1
30.21 3
52.55 1
12.71 22
12.31 18
52.98 1
30.65 1
12.73 4
30.24 6
12.32 79
12.74 1
12.33 1
12.34 3
30.26 4
34.67 1
12.75 49
12.35 38
21.0 29
12.76 147
12.77 49
30.69 1
21.1 4
12.36 37
21.2 15
12.37 2
12.79 1
21.3 5
2.91 31
2.51 20
2.92 35
21.4 4
12.39 68
21.5 3
2.11 27
2.93 178
2.52 1086
2.53 98
2.12 308
2.94 3478
2.54 11
21.7 9
2.13 225
2.95 14812
21.8 6
2.96 13814
2.55 14189
2.14 1115
21.9 6
2.97 580
2.56 21177
2.15 17231
2.98 61
2.57 130
2.16 32715
2.17 3
2.99 8
2.58 6749
2.59 15
2.18 230
2.19 12
71.41 1
31.61 1
66.7 2
17.71 4
13.71 10
17.72 2
31.64 1
35.64 1
17.31 10
13.31 18
13.72 4
35.65 1
17.32 12
13.32 38
13.33 3
17.74 2
31.66 1
13.74 24
35.66 3
17.75 8
31.26 2
13.75 20
17.34 6
71.0 1
31.27 1
17.35 5
17.76 19
31.0 3
13.76 77
13.35 27
13.77 2
35.28 1
13.36 13
17.36 20
13.78 1
71.2 1
17.78 1
31.2 1
13.37 26
13.79 1
17.38 2
17.79 4
7.91 839
3.91 93
31.4 1
13.39 16
17.39 6
3.51 72
7.51 1114
3.92 52
7.92 274
7.93 6
31.5 2
3.52 20
3.93 9
3.11 139
7.52 100
7.11 1044
7.12 5
31.6 1
7.94 35
3.94 151
3.53 22
3.12 490
7.54 8
7.13 12
3.13 33
7.95 424
3.95 6716
3.54 2334
7.96 327
3.14 3
7.55 406
7.14 265
3.96 5259
3.55 5285
3.97 5
7.97 25
7.56 397
7.15 266
3.56 7321
3.15 5509
7.57 12
7.98 6
3.98 20
7.16 510
3.57 275
3.16 10913
7.17 12
7.99 12
3.17 7
7.58 248
3.99 1624
3.58 3045
3.59 11
3.18 34
7.59 172
7.19 12
3.19 17
54.11 1
18.0 96
112.0 2
18.1 4
58.55 1
14.71 6
18.2 11
10.71 76
0.0 545178
18.72 1
18.3 5
36.64 1
14.31 6
54.56 1
10.72 5
14.72 16
10.31 143
0.1 324
58.16 1
54.16 1
18.32 11
14.32 145
18.4 4
10.32 73
0.2 437
14.33 1
58.58 1
36.25 1
14.74 1
18.5 7
32.66 2
0.3 42
10.74 41
10.33 3
36.26 2
32.26 4
18.34 1
18.6 3
18.75 9
14.75 16
10.75 102
14.34 15
0.4 31
41.0 1
18.76 13
14.35 17
18.7 10
18.35 9
14.76 38
10.35 144
10.76 252
0.5 1175
18.77 1
32.69 1
10.77 3
18.8 5
0.6 35
18.36 11
14.36 39
10.36 143
18.78 2
36.29 1
14.78 2
10.78 1
14.37 2
18.9 83
10.37 69
0.7 1685
0.91 3
41.3 1
14.38 1
18.38 2
14.79 10
4.91 100
0.8 316
8.91 398
18.39 9
0.92 35
8.92 3
0.51 16
10.39 195
4.51 134
8.51 614
4.92 57
0.9 167
14.39 7
41.5 2
4.11 70
8.93 5
4.52 19
4.93 5
8.52 219
0.11 83
8.11 837
0.52 180
0.93 2425
8.53 1
0.53 3
4.12 12
4.53 5
0.12 25
0.94 62
4.94 50
8.12 22
8.94 86
0.13 6
0.95 37
4.13 25
0.54 181
4.54 42
8.95 254
4.95 2845
0.55 46
0.14 9
8.96 295
8.14 187
0.96 32
8.55 202
4.14 1310
4.96 2313
4.55 2839
4.97 2
0.97 32
8.97 10
8.56 295
0.56 101
0.15 68
8.15 309
4.15 2223
4.56 3199
4.57 7
0.16 5
8.57 32
0.57 65
8.98 12
8.16 315
4.16 4365
0.98 2196
4.98 6
0.17 5
8.99 5
4.99 22
8.17 4
0.58 28
4.17 116
0.99 84
8.58 145
4.58 1343
8.18 7
0.18 16
8.59 23
0.59 164
4.18 17
4.59 989
4.19 21
8.19 111
0.19 7
28.0 21
33.63 1
28.2 1
15.71 6
55.55 2
19.71 1
11.71 15657
37.64 1
28.3 1
19.72 2
15.72 2
19.31 4
11.72 74
15.31 11
11.31 47
33.24 1
19.73 1
11.73 2
11.32 73
19.32 9
15.32 19
19.33 1
15.33 1
28.5 2
11.74 2
15.74 2
19.74 5
11.33 4
15.34 2
33.26 2
19.75 4
11.75 90
15.75 336
11.34 30
51.0 1
19.35 3
28.7 2
19.76 6
15.35 17
15.76 777
11.76 178
11.35 71
28.8 1
15.77 19
19.36 12
11.36 82
15.36 37
11.77 11
37.29 1
15.78 1
19.37 1
15.37 1
11.78 1
11.37 2
15.38 1
15.79 2
11.38 1
1.91 8
9.91 219
5.91 334
11.79 31
19.39 1
15.39 9
5.92 3
11.39 99
9.51 269
5.51 118
9.92 72
1.51 69
1.92 2681
5.93 67
9.52 264
5.52 51
9.11 348
5.11 167
1.52 27
1.93 274
1.11 664
5.53 9
9.12 4
5.12 6
9.94 16
1.94 372
1.12 262
1.53 667
5.94 494
5.13 5
5.54 8
9.54 69
1.95 19329
9.95 174
1.54 2776
1.13 1796
5.95 1382
5.14 40
9.14 263
9.55 105
1.14 41
5.55 1254
1.96 38381
9.96 138
1.55 1979
5.96 983
9.97 1
1.15 69
1.97 34
9.15 174
1.56 140
5.56 1363
5.15 1256
9.56 166
5.97 19
5.57 4
1.57 54
5.98 3
9.98 6
9.57 8
1.16 15
5.16 1789
1.98 270
9.16 279
5.17 1
5.99 12
9.17 43
9.99 67
1.17 57
5.58 727
1.99 55
1.58 1575
9.58 94
9.18 1
9.59 8
5.59 10
5.18 94
1.59 24
1.18 1769
9.19 4
20.91 3
1.19 50
5.19 682
20.92 1
20.51 4
20.52 1
20.11 1
20.53 1
20.12 2
20.94 2
20.95 9
20.14 2
20.55 8
20.96 9
20.56 6
20.15 14
20.57 1
20.16 23
38.0 6
38.1 1
20.58 4
20.18 3
16.71 3
38.2 2
16.31 6
56.16 1
38.65 1
16.32 12
78.5 1
246.0 1
38.25 1
16.74 5
16.34 1
16.75 23
38.27 1
16.35 17
16.76 26
38.8 1
16.36 25
16.37 3
16.38 1
6.91 1057
16.39 4
6.92 10
6.51 925
6.93 4
6.52 17
6.11 566
6.53 30
6.12 21
6.94 110
6.13 11
6.95 879
6.54 338
6.14 22
6.96 577
6.55 555
6.97 3
6.56 713
6.15 443
6.57 12
6.98 17
6.16 857
43.81 2
6.17 7
6.58 384
6.99 291
43.41 1
6.59 8
21.91 2
6.19 13
21.92 1
21.11 1
21.52 1
7.0 3945
21.12 1
21.94 1
7.1 672
21.13 1
21.54 2
21.95 8
7.2 1017
21.96 3
21.14 2
21.55 5
7.3 619
21.56 2
21.15 6
7.4 630
48.0 1
21.98 1
21.57 2
88.0 2
21.16 6
7.5 929
21.99 1
21.58 3
7.6 544
21.18 2
7.7 913
7.8 568
39.24 1
7.9 430
39.66 1
48.6 1
48.8 1
88.9 1
296.7 1
13.0 199
13.1 32
13.2 948
177.54 1
13.3 15
13.4 24
13.5 32
13.6 21
48.41 1
44.41 1
48.82 1
13.7 48
13.8 38
26.92 1
13.9 17
22.52 1
44.44 1
22.11 2
26.11 1
40.86 1
26.94 3
26.12 1
48.05 1
26.95 1
40.05 2
22.95 4
22.14 1
26.55 1
40.06 1
26.96 3
48.06 1
22.55 5
26.15 1
22.56 1
22.15 8
22.97 3
48.48 1
26.56 3
58.0 2
26.16 4
22.98 1
40.08 1
22.57 2
98.0 1
22.16 7
22.99 1
22.58 2
22.17 1
22.59 1
208.0 1
23.0 15
23.2 2
23.3 4
23.4 3
23.5 1
23.6 1
49.82 1
23.7 5
23.91 1
23.8 3
23.9 3
27.92 1
23.52 1
41.86 1
45.05 1
27.54 1
45.87 1
27.95 1
23.95 6
27.55 1
23.96 5
27.96 2
41.06 1
49.06 1
23.55 3
23.15 2
27.15 3
23.56 1
45.08 3
23.16 2
27.16 3
45.09 1
23.58 1
27.99 2
23.19 3
33.0 11
33.1 1
33.2 2
33.4 2
33.5 1
33.7 1
46.01 1
24.91 1
28.91 3
46.02 1
24.92 1
24.51 2
24.11 2
24.52 1
28.52 1
46.45 1
28.95 1
149.3 1
24.95 1
24.54 4
24.96 2
24.55 3
28.96 1
28.14 3
24.56 1
24.15 2
24.16 10
28.16 8
24.58 1
28.58 1
28.59 1
2.0 78947
2.1 165
2.2 19822
2.3 9254
2.4 224
83.0 1
43.0 1
2.5 8655
91.48 1
2.6 3320
2.7 12483
51.25 1
2.8 3409
43.4 1
2.9 2655
25.91 1
159.0 1
43.9 1
25.51 1
25.52 1
69.77 1
25.53 1
47.45 1
25.95 2
47.06 1
25.14 2
29.55 2
25.15 1
25.97 1
29.56 1
25.56 4
29.16 1
29.57 1
25.16 3
25.58 2
25.59 2
30.71 1
30.31 3
70.16 1
12.81 13
34.74 1
53.3 1
12.82 31
12.41 18
12.42 1
12.01 30
12.43 2
30.35 2
12.02 122
12.84 28
34.76 1
30.36 1
12.44 11
12.85 53
12.04 1
12.86 57
12.45 65
12.87 2
30.38 1
12.46 41
12.05 86
34.39 1
12.88 12
12.06 86
12.47 57
203.0 1
12.07 2
12.48 2
12.89 34
2.61 11
12.49 2
12.08 43
12.09 32
2.62 29
2.21 295
2.63 95
2.22 2068
2.23 167
2.64 3905
2.24 13
2.65 9745
2.66 19300
2.25 15794
2.67 844
2.26 29302
2.27 10
2.68 77
2.69 32
2.28 164
2.29 28
134.0 1
71.96 1
31.71 2
63.0 1
31.31 3
31.32 2
63.2 1
17.81 3
13.81 12
31.74 1
13.41 8
17.41 3
17.82 11
13.82 38
13.83 1
17.01 1
13.01 22
17.42 6
17.84 2
35.76 1
13.02 22
17.02 4
17.44 6
31.36 1
13.44 26
13.85 27
17.85 8
17.04 2
17.86 17
13.04 1
13.45 40
17.45 28
13.86 50
13.87 1
17.87 4
17.05 21
13.05 70
17.46 23
13.46 31
31.39 1
17.88 1
13.88 1
13.47 1
17.06 31
13.06 84
17.07 2
17.48 1
13.48 1
17.89 4
13.89 29
13.07 48
13.49 1
17.49 2
13.08 22
3.61 106
7.61 980
17.08 8
3.62 15
17.09 1
7.62 7
3.21 48
7.21 1092
7.63 1
7.22 5
3.63 18
3.22 20
7.64 116
3.23 23
3.64 144
7.24 11
7.65 175
9.0 1189
3.65 4657
3.24 2752
9.1 262
7.25 363
3.66 6565
3.25 5092
7.66 414
7.67 12
3.67 8
3.26 9743
9.2 318
7.26 506
7.68 1
3.68 21
9.3 195
3.27 417
7.27 3
7.69 6
7.28 16
3.28 49
9.4 160
3.69 1884
9.5 320
7.29 213
3.29 56
9.6 251
9.7 206
9.8 198
9.9 133
98.88 1
72.15 1
18.81 3
10.81 82
14.81 4
90.09 1
50.66 1
36.33 1
18.41 1
14.41 11
14.82 35
10.82 133
10.41 112
18.82 9
10.83 1
18.01 4
14.01 10
14.42 15
18.42 4
10.01 185
18.84 2
14.84 1
50.68 1
18.02 4
10.84 2
14.02 13
10.02 238
15.0 812
14.03 1
18.44 3
32.36 2
14.44 3
15.1 7
18.85 10
10.03 3
10.85 119
14.85 21
10.44 76
14.04 11
18.86 8
10.04 3
14.45 40
18.45 10
15.2 52
14.86 33
10.86 130
10.45 121
10.87 3
18.05 16
14.87 14
15.3 17
18.46 11
10.46 128
14.46 46
14.05 47
10.05 182
18.88 3
10.47 4
15.4 9
10.88 13
18.06 28
14.06 57
10.06 134
18.89 1
10.48 3
14.07 1
18.48 4
15.5 20
10.07 78
14.89 6
10.89 204
14.08 19
10.49 4
15.6 5
18.08 5
14.49 4
0.61 9
10.08 139
8.61 552
4.61 68
0.21 9
10.09 5
18.09 5
4.21 111
15.7 18
8.21 715
4.62 65
0.62 138
8.63 1
4.22 13
0.63 3
8.22 5
4.63 17
0.22 37
15.8 152
0.23 6
4.23 7
15.9 13
0.64 112
8.64 337
4.64 39
8.24 3
0.24 4
4.24 68
0.65 9
4.65 1516
8.65 196
0.66 59
8.66 283
0.25 46
8.25 246
4.66 2987
4.25 2741
4.67 2
0.26 6
8.67 5
8.26 505
4.26 3965
0.67 35
0.68 2
0.27 2
4.27 9
4.68 6
8.68 4
8.27 22
4.69 2
8.69 6
4.28 47
0.28 19
0.69 110
0.29 3
8.29 11
4.29 1234
33.31 1
33.32 1
15.81 4
19.81 2
11.81 35
33.33 1
19.82 1
55.25 1
15.41 2
11.41 37
19.41 3
15.82 24
11.82 44
15.83 1
11.83 1
19.01 2
15.01 6
15.42 4
11.01 79
11.42 75
19.43 1
11.84 1
19.84 2
15.02 15
19.02 1
11.02 112
15.84 307
25.0 151
25.1 1
15.44 5
19.44 5
15.85 14
11.44 61
11.85 105
19.85 3
19.04 1
15.04 1
25.2 6
19.45 9
15.86 30
15.45 25
11.04 33
11.86 119
19.86 9
11.45 469
25.3 1
19.05 8
11.87 65
11.46 754
15.46 26
15.05 39
19.46 7
11.05 56
11.88 4
19.06 8
15.88 5
15.47 16
15.06 37
11.06 95
11.48 1
19.48 1
19.07 2
11.07 6
15.89 3
25.5 3
19.89 5
11.89 58
25.6 1
1.61 2
19.08 5
11.08 55
15.08 23
15.49 1
11.49 33
9.61 230
5.61 147
5.62 5
11.09 1
15.09 10
25.7 4
9.62 71
9.21 320
5.21 102
1.21 95
1.62 4159
25.8 5
5.63 89
5.22 43
1.22 81
1.63 540
9.23 4
1.64 10
5.23 7
9.64 254
1.23 1449
5.64 520
5.24 3
1.65 146
9.65 121
1.24 268
9.24 80
5.65 603
9.25 220
9.66 135
1.25 2632
5.66 1136
5.25 851
1.66 232
1.26 21
5.67 17
9.26 514
1.67 528
5.26 1736
9.68 3
5.68 7
1.27 83
9.27 9
5.27 11
1.68 491
9.28 1
5.69 10
5.28 142
9.69 78
1.69 37
1.28 1273
5.29 18
9.29 7
1.29 30
20.61 1
20.21 3
20.22 1
20.64 5
20.24 2
20.65 6
56.21 1
20.25 2
20.66 10
20.26 6
20.27 1
38.72 1
16.41 2
16.82 11
16.83 1
16.01 3
75.0 3
16.02 8
35.0 20
16.85 17
16.44 11
16.04 2
16.86 21
16.45 41
16.46 30
16.05 25
16.06 47
16.48 3
35.5 2
16.07 7
16.89 12
16.08 8
16.49 2
6.61 942
35.7 1
75.7 1
16.09 1
6.62 8
6.21 650
35.8 2
6.63 6
6.22 10
35.9 1
6.23 47
6.64 39
6.65 483
6.24 338
6.66 703
6.25 462
6.67 12
6.26 800
6.68 36
6.27 16
6.28 4
6.69 266
43.11 1
6.29 3
43.95 2
21.21 2
21.22 1
21.64 1
21.65 8
21.24 8
43.16 1
116.0 1
21.25 4
21.66 4
21.26 3
4.0 11740
21.68 1
4.1 923
21.69 1
4.2 3112
4.3 822
39.75 1
4.4 820
45.0 11
85.0 1
4.5 833
4.6 51
4.7 2940
4.8 741
39.39 1
4.9 51
45.5 1
48.11 1
22.61 2
40.94 1
22.21 2
40.96 1
22.22 4
26.23 1
40.56 1
26.64 2
44.56 1
22.65 1
26.65 1
26.66 1
22.25 6
22.66 7
26.25 1
22.67 1
26.26 3
22.26 10
22.27 1
22.29 2
55.0 4
20.0 598
20.1 1
20.2 14
49.11 1
20.3 11
23.61 1
20.4 5
45.95 1
23.21 2
20.5 4
63.06 1
20.6 3
23.64 1
27.64 1
20.7 12
23.24 1
27.24 3
23.65 3
45.16 2
20.8 8
23.25 1
23.66 2
20.9 7
27.66 2
27.26 6
23.26 4
23.27 1
27.27 2
41.19 1
65.0 3
421.0 1
70.0 8
30.0 100
42.51 1
30.2 4
42.11 1
70.4 1
24.61 2
24.21 1
28.22 1
42.55 1
30.7 2
28.65 1
24.65 1
24.24 1
30.8 3
28.25 1
28.66 2
24.66 3
24.26 3
28.26 6
24.68 1
24.27 1
28.69 1
24.69 5
17.0 63
51.31 1
17.1 8
111.1 1
17.2 27
17.3 11
51.75 1
17.4 6
17.5 11
17.6 9
80.0 8
17.7 18
40.0 42
17.8 4
100.46 1
40.2 1
17.9 3
25.61 1
40.4 1
29.21 1
25.22 2
40.6 1
25.65 1
47.16 1
25.66 1
25.25 4
29.66 2
29.26 1
25.26 1
29.67 1
29.28 2
29.29 1
27.0 8
74.64 1
34.81 1
27.2 3
34.82 1
34.83 1
12.91 6
27.5 1
30.84 1
12.51 16
12.92 50
30.44 1
787.25 1
34.44 1
12.52 39
30.03 1
12.11 30
34.45 1
30.86 1
12.12 4
90.0 3
27.7 4
12.94 4
50.0 38
10.0 7543
34.46 1
34.05 2
30.46 1
12.13 2
27.8 1
12.54 25
30.05 6
12.95 56
10.1 184
34.06 1
30.06 6
27.9 1
12.96 44
12.14 57
12.55 33
50.2 2
10.2 188
30.89 1
12.97 2
12.15 78
12.56 57
10.3 94
30.08 3
12.57 12
12.16 155
10.4 137
50.5 1
30.09 2
12.58 27
10.5 173
12.99 18
12.17 61
12.18 3
12.59 2
2.71 15
10.6 121
2.72 11
2.31 9
10.7 145
90.8 1
10.8 161
2.73 76
2.32 8001
10.9 61
2.74 479
2.33 942
200.0 4
2.75 11387
2.34 5268
2.76 17042
2.35 13488
2.77 32
2.36 26419
2.78 87
2.37 1367
2.38 193
2.79 3771
2.39 205
37.0 5
31.41 2
31.82 1
37.4 1
17.91 2
31.01 1
13.91 23
13.92 1
17.51 3
13.51 9
17.93 1
31.85 2
17.11 1
31.44 2
13.93 6
13.52 44
13.11 23
17.52 4
13.12 1
35.45 1
31.86 1
37.7 1
17.12 4
31.45 2
13.94 4
17.94 9
60.0 15
31.46 1
17.54 1
35.05 2
13.13 1
35.46 1
13.54 2
37.8 2
17.95 11
13.95 51
17.14 5
31.06 2
17.96 16
13.96 53
17.55 320
13.55 27
13.14 40
35.89 1
31.89 1
13.97 20
17.15 50
17.56 13
13.56 33
13.15 372
31.08 1
13.98 2
17.98 3
17.16 29
13.16 121
13.57 6
17.57 728
17.17 1
13.17 1
17.58 11
17.99 2
13.58 28
17.18 1
13.18 1
17.59 2
13.59 25
3.71 85
7.71 924
7.72 2
17.19 60
3.31 63
3.72 247
7.31 1131
7.73 12
7.32 221
3.73 14
3.32 3453
3.74 45
3.33 541
7.33 26
7.74 161
7.75 271
7.34 5
3.75 3296
3.34 221
7.76 513
7.35 265
3.76 6001
3.35 6112
7.77 32
3.77 8
7.36 459
3.36 8931
3.78 15
7.37 11
7.78 2
3.37 8
3.79 14
3.38 83
7.79 14
7.39 89
6.0 5152
3.39 2423
6.1 249
6.2 1374
6.3 594
6.4 409
47.0 5
6.5 937
101.0 1
141.0 1
50.31 1
6.6 523
47.2 1
32.81 2
6.7 1028
32.82 1
6.8 873
94.59 1
14.91 9
10.91 72
6.9 498
54.76 1
54.35 1
14.92 3
50.35 1
18.51 4
10.92 4
36.02 2
14.51 8
10.51 124
18.92 175
18.52 1
14.93 1
18.11 1
10.93 2
14.52 8
14.11 12
10.11 174
10.52 257
10.94 3
36.86 1
32.86 1
10.53 1
14.94 11
18.94 1
32.45 2
14.12 23
36.46 1
32.46 1
50.79 1
36.05 2
10.13 1
18.54 3
32.05 3
18.95 20
14.95 35
10.54 107
10.95 136
32.06 1
14.14 10
18.55 7
18.96 10
14.55 31
14.96 23
10.96 90
10.14 287
10.55 1803
14.97 1
36.48 1
18.15 19
10.97 84
10.15 110
18.56 10
14.56 38
14.15 30
10.56 4133
10.98 1
14.98 2
36.08 1
32.49 1
10.57 2
14.57 11
18.16 32
10.16 169
14.16 84
14.99 1
10.17 4
10.99 1
36.09 2
18.58 8
14.58 23
18.99 4
10.58 71
18.17 3
12.0 890
18.18 1
14.18 1
0.71 9
14.59 1
12.1 40
8.71 502
10.59 50
4.71 83
0.31 4
8.72 23
12.2 65
4.72 5
14.19 18
0.72 93
8.31 674
4.31 81
0.73 2
333.33 1
0.32 2
12.3 45
4.73 84
4.32 1482
8.32 147
8.33 7
8.74 7
0.74 85
0.33 13
12.4 23
4.33 169
4.74 855
220.0 1
0.34 6
12.5 64
8.34 108
0.75 329
8.75 350
4.75 1388
0.35 2
12.6 1640
8.35 262
8.76 510
0.76 46
4.76 2649
4.35 1838
0.36 3
8.77 15
12.7 44
4.77 60
8.36 266
0.77 41
4.36 3756
0.37 2
0.78 53
4.78 7
8.78 1004
12.8 37
8.37 7
4.37 17
4.79 3
8.38 3
0.38 9
12.9 34
4.38 8
0.79 58
8.79 88
4.39 26
8.39 258
0.39 5
73.62 1
57.0 2
55.71 2
97.2 1
99.99 1
37.82 1
59.33 1
15.91 4
19.91 1
11.91 24
57.5 1
19.51 1
11.92 1
55.76 1
19.92 1
15.92 4
15.51 4
11.51 36
15.93 2
19.11 1
37.85 2
11.93 2
15.52 4
19.52 6
15.11 15
11.52 78
11.11 95
33.86 2
11.53 1
19.94 1
19.12 1
15.12 1
15.94 2
15.53 2
11.94 40
11.12 85
11.13 1
15.54 8
19.13 1
19.95 7
33.05 2
15.95 43
11.95 61
15.14 5
59.39 1
33.06 1
19.55 6
19.14 10
19.96 6
15.96 32
15.55 34
11.96 124
11.14 103
11.55 79
15.97 2
19.97 2
19.15 4
11.97 4
15.56 31
15.15 29
19.56 9
11.56 61
11.15 109
37.08 1
11.98 1
19.98 2
33.08 2
19.16 14
15.16 37
11.57 81
11.16 89
11.99 1
15.99 7
15.17 11
11.17 1
19.58 4
15.58 10
11.58 47
22.0 51
22.1 2
11.18 3
19.59 5
15.18 3
15.59 1
1.71 6
9.71 204
5.71 273
9.72 1
19.19 1
15.19 1
1.31 6
5.72 11
22.2 7
11.19 31
5.31 98
1.72 89
9.31 281
22.3 4
9.73 2
5.73 24
1.73 536
5.32 784
1.32 5599
9.32 156
22.4 2
9.33 2
9.74 4
5.74 24
1.74 16
5.33 165
1.33 1116
0.0 1197606
1.0 206290
2.0 98155
1.46 47962
1.56 47482
1.36 46758
1.66 45504
1.26 43497
1.76 43174
1.86 41210
1.5 39130
1.96 38381
1.16 37188
2.06 35855
1.95 33751
2.16 32716
1.55 32125
1.7 31874
1.45 31467
1.25 30079
